15.1901837377
-0.602060286441
-1.70060937079
-1.01675037277
-6.91575168325
0.276852401384
-10.2135638548
-0.280872776043
-0.956999079613
-1.68669852628
-3.00047401048
-0.403444497194
-1.22081735645
-1.47021034609
-0.700024916698
-0.539730374742
-0.314614080869
0.686823353973
-0.542541849635
-1.57141729236
-0.560511599145
0.044217094657
0.394401567903
-2.30041270571
-0.345407252004
0.192796722595
-2.00664551914
-0.403444497194
-1.18405376015
-0.415668426411
0.0224409998982
-0.747007279678
-0.394351905694
2.30478643587
-0.407368250044
-0.471065136828
-1.00417441847
0.217161179002
-0.387557236201
-0.433157037715
-0.705712003291
-1.05668877261
-0.306552624173
-1.40920413165
-0.408858638573
-0.954752957081
-1.53558198208
-1.00848450933
-0.531628237948
-0.442204121962
-0.816708963501
-0.468475945617
-0.0137090655312
-0.379010391722
-0.779065214242
0.176799367366
-0.286874570908
-0.406653976426
-1.37986203928
0.24582121833
-0.188751269329
-0.546909756591
-0.859600039518
-1.02786603672
0.525369591632
-1.22286812674
-0.70139083944
-0.409597757952
-0.054496134386
0.227474108984
-0.197377882377
-0.102688485322
-0.268608841915
-0.418381778034
-0.173690010405
-1.02303642315
-1.58934403352
-0.794056493558
-0.0549708237894
-0.132340690135
-1.29155801952
-0.149238521326
-0.390861293327
-0.699118034621
-0.0925791180515
-0.659999949969
0.119514575061
-1.08895833647
-0.317943957067
-0.175952203114
-0.29301694808
-1.16441798654
-0.695808829945
-0.122568277612
-0.429952301279
-0.534440902524
-0.417204050832
-0.376436742657
-1.67857070967
0.0
0.0
-0.592092777456
-0.592092777456
-0.26788853689
0.0
0.0
0.183412007777
-1.14229225415
-1.35943064834
-1.26496194356
-0.0749305144566
-1.57980143903
-0.324938205823
-0.553913597641
-0.658222385124
-0.684262230747
-0.227696197086
-1.05140653077
-1.6236999076
-0.868255567735
-0.842529235976
0.449384834494
-1.40270605986
0.394718796164
0.0914606670271
-0.369068452268
0.0
-0.373410789325
0.106638275846
-0.274401052467
-0.215681111706
-0.393068618858
-0.219287786279
-0.105562310336
-0.143430055693
-1.01309223468
-0.578181967081
-0.219180479438
-0.802018619672
-0.43731410823
-0.576919508865
-0.0152579141289
-1.13879981372
-0.804321397812
-1.68502418708
-0.146926500194
0.110972954934
0.0660650254584
-2.05634482106
-0.166192798396
-1.37392969959
3.05409013093
3.14655582365
1.51781485179
1.8071087307
0.57417779902
0.843501943243
2.54871381924
-0.0601434262298
1.80651561587
3.50847192801
1.64842029579
1.06235787606
1.39983039732
2.07149637527
-1.15842567613
1.34682183417
0.827680495315
-0.546857426739
1.38567820414
-0.385946109597
1.34152000479
-0.318782337909
1.0841544586
0.493094455974
1.09041254842
1.08417218815
0.206810027725
0.0
0.447942184117
2.05015458794
0.56550308281
1.14803960732
1.08393845871
1.10391451596
1.09278879277
0.558718873822
0.373649926438
1.10266154332
0.450658420109
0.165761359693
0.624475972675
-0.208141088791
0.251453842688
0.246967670721
-0.301491817297
0.782803408249
0.843618907084
0.106443095279
0.144470227342
0.395782939457
0.693024987863
0.423834799799
-0.246699680717
0.0434099101237
-0.472550181442
0.33799589633
1.75004247953
0.117384282774
0.986550404775
-0.549342470119
-0.0860302504729
-1.01287645444
1.03303800206
0.178236503704
0.0872273336252
0.275006561168
0.202030659561
0.298277931874
0.178342046226
0.220805231117
-0.0194327140355
1.63452672317
0.664608436681
0.401488384869
0.173213962459
1.2487942429
0.460057547117
0.100830480975
0.21232674222
0.645327341259
0.914154483363
-0.165212373146
1.05170073469
0.188279022454
1.00850917274
0.0480048186832
0.192454901638
1.53229469326
0.457658279037
0.429398351045
0.290665181033
0.591007709182
0.0300269849113
0.441753549124
0.0923710068779
0.749861172267
0.360085424949
1.13687951395
1.00476836178
0.456800930726
0.265102945708
0.00385696157499
1.23506063931
-0.79184097639
0.529421198966
0.806645452941
-1.58188974262
2.50834093416
1.08773590683
0.594723740633
-0.425869849126
0.154096069474
-0.0520312399639
0.223541696456
0.876642166744
1.07581573487
0.671824940867
0.994250477096
0.28189827892
-0.763958825724
0.306789775025
-0.756477728243
0.584523545244
0.30593615535
0.232200768498
